% rotators
function rotators()
%function[R1,R2,R3, R, PlugInBoard, Numbers,M]= rotators(R1,R2,R3,R, PlugInBoard,Numbers,M)
 global R1, global R2,global R3,global Reflector,global PlugInBoard,global Numbers,global M

R1(1,5)=1; R1(2,11)=1; R1(3,13)=1; R1(4,6)=1; R1(5,12)=1; R1(6,7)=1; R1(7,4)=1; R1(8,17)=1;
R1(9,22)=1; R1(10,26)=1; R1(11,14)=1; R1(12,20)=1; R1(13,15)=1; R1(14,23)=1;
R1(15,25)=1; R1(16,8)=1; R1(17,24)=1; R1(18,21)=1; R1(19,19)=1; R1(20,16)=1; R1(21,1)=1;
R1(22,9)=1; R1(23,2)=1; R1(24,18)=1; R1(25,3)=1; R1(26,10)=1;

R2(1,1)=1; R2(2,10)=1; R2(3,4)=1; R2(4,11)=1; R2(5,19)=1; R2(6,9)=1; R2(7,18)=1; R2(8,21)=1;
R2(9,24)=1; R2(10,2)=1; R2(11,12)=1; R2(12,8)=1; R2(13,23)=1; R2(14,20)=1;
R2(15,13)=1; R2(16,3)=1; R2(17,17)=1; R2(18,7)=1; R2(19,26)=1; R2(20,14)=1; R2(21,16)=1;
R2(22,25)=1; R2(23,6)=1; R2(24,22)=1; R2(25,15)=1; R2(26,5)=1;

R3(1,2)=1; R3(2,4)=1; R3(3,6)=1; R3(4,8)=1; R3(5,10)=1; R3(6,12)=1;
R3(7,3)=1; R3(8,16)=1; R3(9,18)=1; R3(10,20)=1; R3(11,24)=1; 
R3(12,22)=1; R3(13,26)=1; R3(14,14)=1;R3(15,25)=1; R3(16,5)=1;
R3(17,9)=1; R3(18,23)=1; R3(19,7)=1; R3(20,1)=1; R3(21,11)=1;
R3(22,13)=1; R3(23,21)=1; R3(24,19)=1; R3(25,17)=1; R3(26,15)=1;

R(1,25)=1; R(2,18)=1; R(3,21)=1; R(4,8)=1; R(5,17)=1; R(6,19)=1;
R(7,12)=1; R(8,4)=1; R(9,16)=1; R(10,24)=1; R(11,14)=1; 
R(12,7)=1; R(13,15)=1; R(14,11)=1;R(15,13)=1; R(16,9)=1;
R(17,5)=1; R(18,2)=1; R(19,6)=1; R(20,26)=1; R(21,3)=1;
R(22,23)=1; R(23,22)=1; R(24,10)=1; R(25,1)=1; R(26,20)=1;

PlugInBoard(1,26)=1; PlugInBoard(2,16)=1; PlugInBoard(3,8)=1; PlugInBoard(4,14)=1; PlugInBoard(5,13)=1; PlugInBoard(6,19)=1;
PlugInBoard(7,23)=1; PlugInBoard(8,3)=1; PlugInBoard(9,15)=1; PlugInBoard(10,25)=1; PlugInBoard(11,20)=1; 
PlugInBoard(12,17)=1; PlugInBoard(13,5)=1; PlugInBoard(14,4)=1;PlugInBoard(15,9)=1; PlugInBoard(16,2)=1;
PlugInBoard(17,12)=1; PlugInBoard(18,24)=1; PlugInBoard(19,6)=1; PlugInBoard(20,11)=1; PlugInBoard(21,22)=1;
PlugInBoard(22,21)=1; PlugInBoard(23,7)=1; PlugInBoard(24,18)=1; PlugInBoard(25,10)=1; PlugInBoard(26,1)=1;


Numbers=[1; 2;3; 4;5; 6; 7; 8; 9; 10; 11; 12; 13; 14; 15; 16; 17; 18; 19; 20; 21; 22; 23; 24; 25; 26];
Reflector=R;

end
% M=R1*R2*R3*PlugInBoard;
% M\R*M*Numbers

